314 -758.534 4401.98 79.563 2.88658 530 DustquillRavine
313 -6440.73 -1987.77 244.718 0.464476 0 DustfireValley
312 -10898.3 -364.784 39.2681 3.04614 0 Duskwood
311 9317.38 -7856.4 63.2953 5.35693 530 DuskwitherSpire
310 9496.84 -7862.65 16.1435 5.20221 530 DuskwitherGrounds
309 1325.98 -4620.58 24.3019428 5.0328 1 DurotarZeppelinBellow
309 1340.98 -4638.58 53.5445 5.0328 1 DurotarZeppelin
308 1007.78 -4446.22 11.2022 0.20797 1 Durotar
307 -483.455 -1426.23 89.1916 1.93697 0 DurnholdeKeep
306 -5451.55 -656.992 392.675 0.66789 0 DunMorogh
305 -2600.48 -2350.81 82.9572 0.914501 0 DunModr
304 5719.41 -4504.33 760.87 4.73111 1 DunMandarr
303 -1256.99 -1189.47 38.9804 3.82979 0 DunGarok
302 -8491.62 -3036.55 9.25275 3.88535 1 DunemaulCompound
301 -4086.41 -2604.38 44.7943 1.58996 0 DunAlgaz
300 -1003.14 -3841.03 148.832 5.54348 0 DrywhiskerGorge
299 916.611 -4810.57 14.8334 6.28024 1 DrygulchRavine
298 -2944.13 1891.22 33.9487 0.049356 1 DreamBough
297 -3141.22 -4220.36 0.570819 5.34856 1 DreadmurkShore
296 327.143 -2253.88 242.753 3.93818 1 DreadmistPeak
295 317.4 -2209.99 213.239 4.9592 1 DreadmistDen
294 -7734.77 -2609.01 165.137 4.22183 0 DreadmaulRock
293 -11517.4 -2851.64 6.78542 4.15663 0 DreadmaulPost
292 -10895 -2933.24 12.8408 6.26628 0 DreadmaulHold
291 2672.5 5852.8 -15.4945 1.64421 530 DragonsEnd
290 -3453.27 -3655.72 58.0513 4.29267 0 DragonmawGates
289 -4193.21 380.221 118.023 3.5046 530 DragonmawFortress
288 -5105.71 600.108 85.5544 5.2386 530 DragonmawBaseCamp
287 1413.82 6539.05 3.65071 3.14981 530 Draenethystmine
286 -8187.12 -1019.58 145.084 3.11439 0 Dracodar
285 9848.37 966.953 1306.38 3.77457 1 Dolanaar
284 -67.3581 163.341 -3.46468 2.13943 429 Dmwest
283 255.249 -16.0561 -2.58737 4.7 429 Dmnorth
282 -201.11 -328.66 -2.72386 5.22313 429 Dmeast
281 -3828.01 1250.22 160.226 3.20835 1 DireMaulWest
280 -3521.29 1085.2 161.097 4.7281 1 DireMaulNorth
279 -3980.8 789.005 161.007 4.71945 1 DireMaulEast
278 -2838.55 -2875.5 32.5915 0.253382 0 DireforgeHill
277 -6123.1 -2955.85 204.97 2.93259 0 DigOne
276 -606.395 2211.75 92.9818 0.809746 1 Desolace
275 -3754.58 4708.83 -17.8536 0.692921 530 DerelictCaravan
274 -1089.35 4197.33 16.769 3.0523 530 DenOfHaalEsh
273 -11117.5 1797.77 36.5497 2.64007 0 DemontsPlace
272 1561.25 -2840.63 182.535 2.51311 1 DemonFallRidge
271 1795.06 -3179.68 92.2109 3.17443 1 DemonFallCanyon
270 23.0998 9.00932 -4.29664 3.18737 369 DeeprunTram
269 368.992 1100.97 106.238 5.00081 0 DeepElemMine
268 2033.17 5415.61 144.698 0.117995 530 DeathsDoor
267 6545.51 -6406.76 32.4218 2.39547 530 Deatholme
266 1841.39 1591.43 93.4301 2.39092 0 Deathnell
265 1843.5 1590 93.2971 3.08757 0 Deathknell
264 -3472.5 2006.64 96.8434 6.22837 530 DeathforgeTower
263 3560.7 -1123.08 220.487 3.14152 1 DeadwoodVillage
262 -10811.7 -1859.29 114.868 4.26659 0 DeadwindRavine
261 -10438.8 -1932.75 104.617 4.77402 0 DeadwindPass
260 -16.4 -383.07 61.78 2.52637 36 Deadmines
259 -10461.4 -1744.82 88.1416 5.05985 0 DeadmansCrossing
258 831.592 -5068.66 4.14613 4.95999 1 DeadeyeShore
257 7828.77 -7846.07 168.986 4.5841 530 DawnstarSpire
256 9994.48 -6487.35 1.20902 2.43127 530 DawningLane
255 1469.48 -3686.9 77.7679 3.44337 0 DarrowShire
254 1547.05 -2355.31 61.0999 2.91792 0 DarrowmereLake
253 -318.143 -456.173 59.0946 0.914737 0 DarrowHill
252 9949.56 2284.21 1341.4 1.59587 1 Darnassus
251 4918.16 -4553.79 857.268 3.62056 1 DarkwhisperGorge
250 -1111.52 -4776.58 4.40189 4.11253 1 DarkspearStrand
249 5756.25 298.505 20.6049 5.96504 1 Darkshore
248 -10573 -1182.51 28.0148 0.309022 0 Darkshire
247 -2819.49 -2770.63 35.1771 1.85512 1 DarkmistCavern
246 -589.891 5879.56 21.8492 5.17685 530 DarkcrestShore
245 -389.634 6364.47 21.7062 5.20512 530 DarkcrestEnclave
244 -4779.79 -1882.54 90.1741 3.77625 1 DarkcloudPinnacle
243 1180.74 -330.016 43.949 0.365731 0 DandredsFold
242 1845.91 -1563.5 59.1322 5.86316 0 DalsonsTears 
241 335.479 204.771 42.1124 3.42294 0 DalaranCrater
240 3549.35 5684.65 -10.3382 5.88067 530 DaggermawCanyon
239 1175.45 8135.31 18.8313 0.846961 530 DaggerfenVillage
238 -1092.24 -2852.42 42.3323 4.65476 0 DabyriesFarmstead
237 2687.72 5597.35 -11.2866 4.70098 530 CursedHollow
236 -13304.6 -428.921 14.3756 4.78735 0 CrystalveinMine
235 4004.78 4989.05 267.544 0.940518 530 CrystalSpine
234 -9528.41 -359.942 61.0692 5.9536 0 CrystalLake
233 -11052.9 -1568.93 27.233 4.64509 0 Crypt
232 684.935 -583.82 163.055 3.81442 0 CrushridgeHold
231 1797.5 689.077 44.7761 1.51755 0 CrusadersOutpost
230 3039.71 -559.263 121.856 0.032519 0 CrusadersOutpost
229 1864.38 -3675.68 153.909 4.56648 0 CrownGuardTower
228 -4606.39 1359.61 139.903 2.40976 530 CrimsonWatch
227 -4042.22 -13779.5 74.8069 2.37976 530 CrashSite
226 1598.52 106.656 22.1495 4.00152 1 CragpoolLake
225 10070 2293.83 1329.44 5.9784 1 CraftmensTerrace
224 9888.38 -7178.39 31.0292 0.854246 530 CourtOfTheSun
223 2988.21 1806.9 139.071 3.8591 530 Cosmowrench
222 34.5932 -549.443 144.423 2.68188 0 CorrahnsDagger
221 2012.28 -4470.7 73.6229 5.15472 0 CorinsCrossing
220 -6231.77 332.993 383.171 0.480178 0 ColdridgeValley
219 2109.16 603.695 35.2618 0.727451 0 ColdHearthManor
218 -3010.81 1715.21 74.0269 6.16004 530 CoilskarPoint
217 -2926.87 1333.17 8.17311 4.24367 530 CoilskarCistern
216 735.066 6883.45 -66.2913 5.89172 530 CoilfangReservoir
215 7344.08 -398.198 0.822346 3.29942 1 CliffspringRiver
214 6892.58 -659.319 85.6375 3.11156 1 CliffspringFalls
213 1836.86 -4397.85 3.58252 2.15931 1 CleftOfShadow
212 -867.807 -1777.93 40.2461 5.60058 0 CircleOfWestBinding
211 -1354.53 -2737.5 58.9458 5.9114 0 CircleOfOuterBinding
210 -1539.11 -2168.63 17.3715 0.578985 0 CircleOfInnerBinding
209 -842.406 -3271.57 78.3724 0.432116 0 CircleOfEastBinding
208 2839.44 5930.17 11.1002 3.16284 530 CircleOfBloodArena
207 262.381 -1437.45 50.1333 4.13091 0 ChillwindPoint
206 967.964 -1443.99 65.0399 2.05398 0 ChillwindCamp
205 -5568.39 94.4882 483.947 2.57091 0 ChillBreezeValley
204 2416.41 2171.83 90.9205 5.58696 530 ChapelYard
203 -1816.67 4691.8 10.6813 0.383229 530 CenarionThicket
202 -223.541 5487.99 23.2281 0.886755 530 CenarionRefuge
201 -318.842 4718.99 18.4132 6.21599 530 CenarionPost
200 -6818.09 733.814 41.5661 2.3082 1 CenarionHold
199 10122.8 2540.84 1321.73 0.326671 1 CenarionEnclave
198 -6834 763.39 43.0314 4.97156 1 CenarioHold
197 4035.83 1435.5 -123.376 5.73225 530 CelestialRidge
196 -8204.88 -4495.25 9.0091 4.72574 1 CavernsOfTime
195 -8623.51 778.174 96.6514 0.703912 0 CathedralSquare
194 -8581.98 807.885 106.518 0.688204 0 CathedralOfLight
193 -2866.74 4738.97 -4.36527 0.870223 530 CarrionHill
192 1650.58 200.023 -62.1773 1.41639 0 Canals
191 -6838.66 -2833.16 241.666 1.16111 0 CampWurg
190 -2363.11 -1913.78 95.7829 0.165556 1 CampTaurajo
189 3216.07 3543.61 124.642 5.94353 530 CampOfBoom
188 -2919.35 -264.535 53.6197 0.409027 1 CampNarache
187 -4396.7 224.841 25.4136 4.93684 1 CampMojache
186 -6264.36 -3703.95 244.144 4.65455 0 CampKosh
185 -4619.13 -1234.54 -53.5973 3.48882 1 CampEThok
184 -7166.43 -2390.08 240.945 5.77925 0 CampCagg
183 -7022.26 -3609.21 241.879 4.08514 0 CampBoff
182 -44.6129 -505.122 -46.1274 1.84172 1 CampAparaje
181 1248.8 -2604.13 90.961 0.255412 0 CaerDarrow
180 -7664.76 -1100.87 399.679 0.561981 469 BWL
179 -8118.54 -1633.83 132.996 0.089067 0 BurningSteppes
178 -2560.08 6248.7 17.9276 1.14689 530 BurningBladeRuins
177 -171.297 -4362.51 68.0577 0.011192 1 BurningBladeCoven
176 96.4462 1002.35 -86.9984 6.26671 564 BT
175 2465.15 -5116.14 76.4285 5.12016 0 BrowmanMill
174 -8008.65 1107.88 -0.668291 3.56178 1 BronzebeardEncampment
173 3507.86 4615.89 216.47 0.378958 530 BrokenWilds
172 -7997.8 -3891.14 11.7253 1.31317 1 BrokenPillar
171 -467.983 3471.16 38.2596 4.92625 530 BrokenHill
170 -3867.39 1131.48 154.788 6.16863 1 BrokenCommons
169 -4505.81 -11623.1 11.3414 3.04968 530 BristlelimbVillage
168 -2534.78 -12296.2 13.9722 6.17556 530 BristlelimbEnclave
167 2259.25 290.43 34.1137 0.987414 0 Brill
166 -10443.9 -830.975 49.7064 1.95754 0 BrightwoodGrove
165 2539.96 -53.7843 28.1068 1.0229 0 BrightwaterLake
164 -5385.04 310.278 394.151 5.19649 0 BrewnallVillage
163 458.32 26.52 -70.67 4.95 230 BRD
162 -2077.71 -2700.8 93.9102 5.72965 1 Bramblescar
161 -3029.73 -1058.27 50.5731 4.53254 1 BramblebladeRavine
160 -9757.58 -897.584 39.4214 5.20747 0 BrackwellPumpkinPatch
159 -3130.67 -2908.43 34.0976 1.42798 1 BrackenwallVillage
158 -69.2305 63.8333 48.9635 2.54067 1 BoulderslideRavine
157 -100.856 251.61 100.892 0.777452 1 BoulderslideCavern
156 3588.57 7143.33 140.447 1.56718 530 BoulderMok
155 1329.13 -3598.07 91.7029 3.94133 1 BoulderLodeMine
154 -1194.77 -2202.83 53.6903 1.52416 0 BoulderGor
153 -1210.81 -2082.89 49.878 0.221184 0 BoulderfistOutpost
152 -1197.66 -2130.17 61.2405 1.26105 0 BoulderfistOuspost
151 -1968.97 -2773.94 79.3106 4.10542 0 BoulderfistHall
150 3155.52 -3526.2 130.635 5.5267 1 BoughShadow
149 40.0395 -28.613 -1.1189 2.35856 553 Bota
148 -14297.2 530.993 8.77916 3.98863 0 BootyBay
147 -2975.06 3481.44 -0.79203 5.2333 530 BonechewerRuins
146 -2270.12 2505.58 74.147 3.50113 1 BolgansHole
145 -349.384 7253.7 47.4862 3.07277 530 BohaMuRuins
144 -235.037 -2566.93 118.73 1.11813 0 BogensLedge
143 -3012.77 -1066.97 8.82117 0.006195 0 BluegillMarsh
142 -2825.56 -3112.78 36.0223 0.327524 1 Bluefen
141 -1944.5 -11873.7 49.3983 6.04835 530 BloodWatch
140 5277.69 -512.571 322.307 3.04806 1 BloodvenomRiver
139 5128.91 -343.506 355.035 3.39176 1 BloodvenomPost
138 5282.47 -716.836 346.13 0.216695 1 BloodvenomFalls
137 1641.62 -1448.83 147.085 2.65133 1 BloodtoothCamp
136 539.523 6226.4 21.2966 0.731476 530 BloodscaleGrounds
135 360.89 8136.18 23.3585 1.1674 530 BloodscaleEnclave
134 -13470 675.488 10.4762 4.9884 0 BloodsailCompound
133 -1993.62 -11475.8 63.9657 5.29437 530 BloodmystIsle
132 1809.28 6411.22 -10.338 3.25427 530 BloodmaulRavine
131 1623.51 6344.2 -2.54653 3.86891 530 BloodmaulOutpost
130 3526.96 5794.43 1.72332 2.48461 530 BloodmaulCamp
129 -2240.91 -399.174 -9.42446 2.53353 1 BloodhoofVillage
128 -4324.33 -2671.96 32.864 1.86217 1 BloodfenBurrow
127 -1933.1 -12871.3 85.896 5.32971 530 BloodcurseIsle
126 7171.91 -6397.79 49.1227 5.62946 530 BleedingZiggurat
125 -3273.56 5988.13 -2.58558 1.14452 530 BleedingHollowRuins
124 -11182.5 -3016.67 7.42235 4.0004 0 BlastedLands
123 2211.66 5712.69 272.876 0.564311 530 BladspireOutpost
122 -1772.53 -11581.4 35.9727 2.16531 530 Bladewood
121 1059.17 7087.83 118.027 0.112612 530 BladeToothCanyon
120 933.847 5948.09 121.211 0.641137 530 BladesRun
119 2639.37 6526.93 0.818903 6.17248 530 BladespireHold
118 2209.1 6376.61 -10.338 3.27783 530 BladespireGrounds
117 3037.67 5962.86 130.774 1.27253 530 BladesEdgeMountains
116 1324.36 -5005.13 0.814836 5.04482 1 BladefistBay
115 2899.4 5081.33 264.302 1.15416 530 BladedGulch
114 2493.53 -4222.79 74.027 1.21046 0 BlackwoodLake
113 4621.7 33.6288 69.6487 4.35643 1 BlackwoodDen
112 1398.08 179.4 12.3398 1.81183 1 BlackwolfRiver
111 164.789 -475.305 116.842 0.022714 229 BlackwingLair
110 3202.45 7117.62 173.86 3.63041 530 BlackwingCoven
109 -3636.25 3191.57 312.961 4.99533 530 BlackwindValley
108 -3663.45 3577.09 259.226 3.19599 530 BlackwindLake
107 -3945.67 -1776.91 91.6706 0.595491 1 BlackthornRidge
106 -3649.92 317.469 35.2827 2.94285 530 BlackTemple
105 -2348.01 -11059.3 0.530463 2.53917 530 BlacksiltShore
104 -7733.43 -1510.24 132.792 1.01584 0 BlackrockStronghold
103 -7527.05 -1226.77 285.732 5.29626 0 BlackrockSpire
102 -8520.94 -2559.99 133.334 3.27225 0 BlackrockPass
101 -7494.94 -1123.49 265.547 3.3092 0 BlackrockMountain
100 -7179.34 -921.212 165.821 5.09599 0 BlackrockDepths
99 -2462.03 -3157.79 35.5825 4.91817 1 BlackhoofVillage
98 4249.99 740.102 -25.671 1.34062 1 BlackfathomDeeps
97 -7270.01 -804.3 295.929 2.43188 0 BlackcharCave
96 -3528.34 -1339.17 10.2396 3.07711 0 BlackChannelMarsh
95 4869.55 -7058.97 105.579 4.8442 1 BitterReaches
94 -151.89 106.96 -39.87 4.53 48 Bfd
93 -3.9967 14.6363 -44.8009 1.21574 542 Bf
92 -2626.6 -12430.8 2.59312 3.08502 530 BerylCoast
91 -370.444 897.319 132.97 1.03222 0 BerensPeril
90 -10361.1 -1529.87 91.4594 5.96075 0 BeggarsHaunt
89 -3974.75 -3814.87 37.7727 3.30494 1 BeezilsWreck
88 3872.82 -4755.78 268.5 3.94022 1 BearsHead
87 3665.57 -6014.97 5.71029 5.4152 1 BayOfStorms
86 -13210.4 294.518 21.8575 4.92246 0 BattleRing
85 3825.87 -120.149 -0.200964 5.18504 1 BathransHaunt
84 3815.16 6110.93 265.862 1.15472 530 BashirLanding
83 6712.31 -21.5758 42.8535 1.15594 1 BashalAran
82 48.9976 -2715.55 91.6677 0.158612 1 Barrens
81 -2537.88 -1692.24 4.30329 0.08867 0 BaradinBay
80 9952.24 1538.42 1312.13 3.28133 1 BanEthilHollow
79 9863.43 1558.24 1329.33 2.35456 1 BanEthilBarrowDen
78 1996.05 -374.731 35.4522 5.19636 0 BalnirFarmstead
77 -12019.5 363.339 2.1088 5.11095 0 BallalRuins
76 -12551.3 -714.58 38.8789 5.67092 0 BaliaMahRuins
75 -4134.29 -2192.52 50.7921 3.99548 1 BaelModan
74 -4091.59 -2329.66 126.129 5.15315 1 BaelDunKeep
73 -1942.74 413.534 134.205 2.53057 1 BaelDunDigsite
72 -6779.2 -3423.64 241.667 0.647481 0 Badlands
71 -4190.85 -12516.5 44.5276 1.34225 530 AzureWatch
70 -4216.87 -12336.9 4.34247 6.02008 530 AzuremystIsle
69 -902.924 244.914 8.80433 5.61973 0 AzurelodeMine
68 9620.79 -8043.05 0.475485 2.05119 530 AzurebreezeCoast
67 128.205 135.136 236.11 4.59132 37 AzsharaCrater
66 3341.36 -4603.79 92.5027 5.28142 1 Azshara
65 -1512.97 -11378.7 67.4006 0.326728 530 Axxarien
64 -215.738 -309.394 6.66761 3.07325 30 AV
63 -3324.49 4943.45 -101.239 4.63901 530 Auchindoun
62 -3637.1 5188.61 -19.1186 3.39151 530 AuchenaiGrounds
61 -3362.04 5209.85 -101.05 1.60924 530 AuchenaiCrypts
60 6501.4 481.607 6.27062 1.70033 1 Auberdine
59 -3336.2 363.236 120.466 0.150953 530 AtaMalTerrace
58 2676.19 -422.905 107.123 0.648691 1 Astranaar
57 1928.34 -2165.95 93.7896 0.205731 1 Ashenvale
56 2779.37 3210.53 149.846 3.37686 530 ArklonRuins
55 2865.62 3196.4 177.857 0.572978 530 ArklonisRidge
54 -10456.7 -2139.85 90.7913 6.26152 0 AridensCamp
53 3043.33 3681.33 143.065 5.07464 530 Area52
52 -1.23165 0.014346 -0.204293 0.00984 552 Arca
51 -1508.51 -2732.06 32.4986 3.35708 0 ArathiHighlands
50 686.053 683.165 -12.9149 0.816022 529 ArathiBasinHorde
49 1308.68 1306.03 -9.0107 3.91285 529 ArathiBasinAlliance
48 1017.16 1040.59 -44.9017 0.325149 529 ArathiBasin
47 -8213.48 2016 129.072 1.28414 531 AQ40
46 -8437.74 1516.91 31.9074 2.73319 509 AQ20
45 -6925.52 -2506.75 240.744 0.795898 0 ApocryphansRest
44 7427.38 -7297.13 93.3437 0.18602 530 AnTelas
43 6828.47 -7186.99 24.7617 4.91465 530 AnOwyn
42 1593.28 8607.12 -32.6589 6.1963 530 AngoRoshStronghold
41 1046.25 8503.63 20.2232 2.63767 530 AngoRoshGrounds
40 -6398.46 -3166.67 299.812 0.769213 0 AngorFortress
39 -3376.27 -2270.04 53.5307 4.14502 0 AngerfangEncampment
38 7012.04 -6814.81 42.0817 5.87793 530 AndilienEstate
37 7939.87 -6484.24 47.8099 3.93927 530 AnDaroth
36 -2145.99 8844.79 19.8449 3.42056 530 AncestralGrounds
35 -4021.4 -13582.1 54.7153 2.06953 530 AmmenVale
34 -4260.24 -13021 1.0163 5.35482 530 AmmenFord
33 -4155.37 -13498.5 48.356 5.92816 530 AmmenFields
32 5674.5 128.459 32.3476 6.11808 1 AmethAran
31 -1566.43 -10800.1 51.7294 0.885114 530 AmberwebPass
30 -5537.72 -1336.54 398.664 0.237343 0 AmberstillRanch
29 -129.094 835.621 63.598 4.83351 0 Ambermill
28 6849.17 -7747.52 122.016 4.56069 530 AmaniPass
27 7639.28 -7482.36 158.73 1.63194 530 AmaniCatacombs
26 -9194.3 -2748.93 88.8711 1.84838 0 AlthersMill
25 -818.155 -623.043 54.0884 2.15276 30 AlteracValleyHorde
24 883.187 -489.375 96.7618 3.06932 30 AlteracValleyAlliance
23 -215.738 -309.394 6.66761 3.07325 30 AlteracValley
22 370.763 -491.355 175.361 5.37858 0 AlteracMountains
21 -7616.9 -744.571 190.288 5.01897 0 AltarOfStorms
20 -3053.96 828.896 -10.4689 5.53466 530 AltarOfShatar
19 -2949.27 3958.32 0.285465 1.37205 530 AllerianStronghold
18 -2593.73 3326.38 0.607573 4.93171 530 AllerianPost
17 -4817.04 -2656.26 327.12 4.68835 0 AlgazStation
16 -10656.1 1655 41.8732 2.86155 0 AlexstonFarmstead
15 10405.3 883.631 1320.33 0.102033 1 Aldrassil
14 -1746.58 5780.03 146.44 1.30629 530 AldorRise
13 -2681.4 -4787.21 16.0751 4.69276 1 AlcazIsland
12 451.572 -3342.23 119.689 0.772541 0 AgolWatha
11 -7040.08 -3342.15 241.667 0.82338 0 AgmondsEnd
10 2799.46 847.549 111.842 0.509892 0 AgamandMills
9 -2020.72 -2107.58 91.9626 5.49717 1 AgamaGor
8 -2059.85 8550.89 24.0587 1.944 530 AerisLanding
7 260.366 -2125.21 119.565 3.18494 0 AeriePeak
6 -10964 240.019 28.5578 2.99821 0 AddlesStead
5 3742.43 2083.64 148.765 6.032 530 AccessShaftZeon
4 -21.8975 0.16 -0.1206 6.28318 558 AC
3 -7583.58 -3408.81 43.2019 2.47556 1 AbyssalSands
2 -2068.19 7463.77 -18.9908 5.21755 530 AbandonedArmory
1 1054.94 1055.23 -48.2358 0.313367 529 AB
315 -3646.88 -3847.61 4.72729 6.08682 1 DustwallowBay
316 -4043.65 -2991.32 36.3984 3.37443 1 DustwallowMarsh
317 790.409 -4756.59 38.4724 0.283734 1 DustwindCave
318 -8448.88 591.945 93.7917 0.293236 0 DwarvenDistrict
319 2300.97 -4613.36 73.6231 0.367722 0 EasternPlaguelands
320 -1011.45 -765.635 5.14928 2.23574 0 EasternStrand
321 -8794.45 -3396.89 11.7786 3.88771 1 EastmoonRuins
322 8748.09 -7067.4 37.1027 4.29194 530 EastSanctum
323 -9450.82 -1299.92 42.7818 5.20197 0 EastvaleLoggingCamp
324 3194.88 -4038.96 107.991 6.27156 0 EastwallGate
325 2521.67 -4756.54 99.988 5.5003 0 EastwallTower
326 -1041.59 -5346.67 0.218679 4.0102 1 EchoIsles
327 -148.859 387.324 -38.5684 2.99526 70 EchonokCaver
328 -8689.6 -114.525 88.8215 5.95046 0 EchoRidgeMine
329 -4472.37 1671.36 162.888 3.88687 530 EclipsePoint
330 4949.53 3041.26 98.7052 5.42963 530 EcoDomeFarfield
331 3421.37 2800.02 150.087 0.705719 530 EcoDomeMidrealm
332 4469.96 2840.21 140.442 1.97331 530 EcoDomeSutheron
333 -1048.56 -274.104 159.03 5.4703 1 ElderRise
334 -4186.72 1261.28 161.214 4.84131 1 EldrethRow
335 -748.972 6563.11 171.754 2.21497 530 ElementalPlateau
336 8624.53 -7693.87 158.81 2.13052 530 ElrendarFalls
337 8039.45 -6241.13 16.2526 4.89432 530 ElrendarRiver
338 -9617.06 -288.949 57.3053 4.72687 0 ElwynnForest
339 -4998.67 -3837.87 44.2691 3.7377 1 EmberstrifesDen
340 3986.71 -1293.58 250.144 5.74591 1 EmeraldSanctuary
341 2063.11 1547.38 1162.1 1.87623 566 EOTS
342 -443.408 2468.83 105.837 0.930524 1 EthelRethor
343 4042.33 2326.74 113.447 3.1331 530 EthereumStagingGrounds
344 2976.85 5511.01 144.637 3.86042 530 Evergrove
345 6725.69 -4619.44 720.909 4.66802 1 Everlook
346 9079.92 -7193.23 55.6013 5.94597 530 EversongWoods
347 -6091.69 -3076.67 242.055 1.80555 0 ExcavationCenter
348 -1384.5 2724.56 -28.568 3.37207 530 ExpeditionArmory
349 -671.631 1865.18 66.8961 5.49722 530 ExpeditionPoint
350 -10.8021 -1.15045 -2.42833 6.22821 550 Eye
351 2167.44 1564.11 1159.35 0.254382 566 EyeOfTheStorm
352 2487.72 1609.12 1224.64 3.35671 566 EyeOfTheStormAlliance
353 1843.73 1529.77 1224.43 0.297579 566 EyeOfTheStormHorde
354 8714.14 -6650.33 72.7517 2.39205 530 FairbreezeVillage
355 -2906.3 -12222.4 17.3124 4.94957 530 FairbridgeStrand
356 -600.782 4100.1 90.5571 0.207697 530 FalconWatch
357 9514.33 -6822.1 16.4907 1.60979 530 FalconwingSquare
358 -2074.65 -2113.64 15.3642 1.55343 0 FaldirsCove
359 2666.18 -2545.89 173.4 1.26906 1 FalfarrenRiver
360 1486.96 -2181.85 90.2204 0.965078 1 FallenSkyLake
361 126.53 4847.85 74.3962 3.65942 530 FallenSkyRidge
362 -9985.94 -3594.22 21.6782 5.47218 0 FallowSanctuary
363 10158.8 -6001.84 110.154 3.59136 530 FalthrienAcademy
364 -9870.52 212.959 14.0087 5.95753 0 FargodeepMine
365 7544.57 -7667.85 151.258 6.22794 530 farstriderEnclave
366 -5657.29 -4278.25 407.823 2.08396 0 FarstriderLodge
367 9041.51 -7456.05 83.385 3.11721 530 FarstriderRetreat
368 9850.54 -7396.79 13.6387 0.894016 530 FarstridersSquare
369 276.636 -3689.5 27.8892 1.64403 1 FarWatchPost
370 -4985.61 1590.89 63.7734 1.179 1 FearScarVale
371 82.3052 -2086.59 112.764 3.16252 0 FeatherbeardsHovel
372 -4317.47 3287.35 18.2864 3.12825 1 FeathermoonStronghold
373 2038.72 -2981.96 105.815 4.69104 1 FelfireHill
374 6851.06 -1912.89 550.904 3.00564 1 FelpawVillage
375 10041.9 1031.59 1329.46 0.24968 1 FelRock
376 1776.93 -1179.19 59.4284 3.30669 0 FelstoneField
377 4102.25 -1006.79 272.717 0.790048 1 Felwood
378 998.173 736.541 59.2738 6.16398 0 FenrisIsle
379 -4841.19 1309.44 81.3937 1.48501 1 Feralas
380 -110.357 7115.07 18.8779 3.49689 530 FeralfenVillage
381 9889.14 -6647.39 10.5165 5.79591 530 FethsWay
382 -3125.88 -2224.59 91.9413 3.27842 1 FieldOfGiants
383 -7236.79 -1417.51 -231.997 0.628312 1 FirePlumeRidge
384 2221.45 197.106 131.234 1.51093 1 FireScarShrine
385 -6652.97 -832.567 244.531 1.11634 0 FirewachtRidge
386 -2345.07 3253.53 -3.37535 4.84822 530 FirewingPoint
387 -7501.51 -2183.08 165.926 6.07144 0 FlameCrest
388 -9700.27 812.057 27.2225 5.46273 0 ForestsEdge
389 3011.16 -3359.08 147.96 2.42202 1 ForestSong
390 4742.7 3356.29 200.155 4.89556 530 ForgeBaseGehenna
391 4444.94 3415.77 165.925 5.6074 530 ForgeBaseOblivion
392 2940.65 4802.15 283.677 1.47618 530 ForgeCampAnger
393 -1840.08 9236.04 71.6117 5.15551 530 ForgeCampFear
394 -1275.81 8895.8 57.4377 2.96739 530 ForgeCampHate
395 392.203 2195.63 118.621 5.07233 530 ForgeCampMageddon
396 353.575 2497.05 158.244 6.02265 530 ForgeCampRage
397 1540.72 7281.82 364.469 3.39479 530 ForgeCampTerror
398 2910.37 6984.92 365.438 2.81124 530 ForgeCampWrath
399 2750.63 -4597.28 183.965 1.62173 1 ForlornRidge
400 -5661.05 1667.52 87.9256 5.3848 1 FrayfeatherHighlands
401 -5431.78 -2449.38 89.2848 2.32854 1 FreewindPost
402 6812.06 -2425.9 552.871 4.37848 1 FrostfireHotSprings
403 -5542.53 501.507 387.248 2.21198 0 FrostmaneHold
404 8091.41 -3882.58 696.668 2.18722 1 FrostsaberRock
405 5259.73 -4781.05 690.81 4.5269 1 FrostwhisperGorge
406 -6376.41 -1810.71 -263.646 4.96999 1 FungalRock
407 -1125.17 5712.53 58.7895 2.46015 530 FunggorCavern
408 -9925.14 1239.35 42.3457 0.815598 0 FurlbrowsPumpkinFarm
409 3875.48 5223.77 270.997 0.390741 530 FurywingsPerch
410 -7177.15 -3785.34 8.36981 6.10237 1 Gadgetzan
411 1723.05 -2292.37 58.9754 2.73335 0 GahrronsWithering
412 450.999 -627.906 167.189 1.86114 0 GallowsCorner
413 -1321.34 7239.12 32.7371 4.04169 530 Garadar
414 2789.48 366.372 24.4196 5.13839 0 GarrensHaunt
415 -10902.7 -3179.32 49.0836 0.042708 0 GarrisonArmory
416 -8255.03 1484.42 4.87199 3.44005 1 GateOfAhnQiraj
417 -5040.5 -814.817 495.128 5.49652 0 GateOfIronforge
418 -8216.06 1536.36 1.30797 3.0826 1 GatesOfAhnQiraj
419 -55.4571 -103.292 132.406 5.47787 0 GavinsNaze
420 -4615.2 -12917.5 9.74236 3.88613 530 GeezlesCamp
421 -2182.62 2534.41 71.9615 2.22408 1 GelkisVillage
422 7360.86 -6803.3 44.2942 5.83679 530 Ghostlands
423 -1224.46 1728.53 90.0592 0.831707 1 GhostWalkerPost
424 16226.2 16257 13.2022 1.65007 1 GMIsland
425 9254.93 1636.45 1302.05 2.40247 1 GnarlpineHold
426 -332.22 -2.28 -150.86 2.77 90 Gnome
427 -5163.54 925.423 257.181 1.57423 0 Gnomeregan
428 -7258.24 -584.973 -271.642 0.734342 1 GolakkaHotSprings
429 -5783.67 -1620.21 358.878 4.148 0 GolBolarQuarry
430 -10419.6 1907.61 7.48861 2.50341 0 GoldCoastQuarry
431 8418.56 -6138.39 58.0933 4.69877 530 GoldenboughPass
432 7895.49 -6188.39 19.5624 2.39911 530 GoldenmistVillage
433 8652.87 -5683.02 1.22002 4.18198 530 GoldenStrand
434 616.536 -2489.5 94.631 4.21857 1 GoldRoad
435 -9448.55 68.236 56.3225 2.1115 0 Goldshire
436 -3862.64 137.7 123.544 6.18747 1 GordunniOutpost
437 -1117.72 3230.8 67.8104 3.69003 530 GorGazOutpost
438 -1518.71 -3067.96 14.751 0.005637 0 GoShekFarm
439 -2458.16 4935.8 33.7396 0.969919 530 GrangolvarVillage
440 87.2504 -223.637 9.64243 4.2607 1 GreatwoodVale
441 2185.38 -1580.47 85.9111 0.829216 1 GreenpawVillage
442 -4074.39 -3459.53 281.388 0.859539 0 GrimBatol
443 -7011.77 -1729.52 234.099 4.78807 0 GrimesiltDigSite
444 -4188.75 629.705 70.4892 4.89549 1 GrimtotemCompound
445 108.029 -322.863 3.36205 4.62591 1 GrimtotemPost
446 3616.06 6635.92 130.007 4.95354 530 Grishnath
447 -5728.8 -3113.4 315.857 0.804162 0 GrizzlepawRidge
448 262.459 -3043.31 96.5546 0.64736 1 GroldomFarm
449 -12388.9 172.578 2.83358 1.91753 0 GromgolBaseCamp
450 1924.94 -4205.16 42.0388 1.65038 1 GrommashHold
451 -12365.7 175.632 2.77714 4.9248 0 GrongolbaseCamp
452 -11108.1 -2326.63 118.375 4.28623 0 GroshgokCompound
453 4986.02 92.278 52.7174 5.66255 1 GroveOfTheAncients
454 216.885 -273.27 145.045 0.145041 0 GrowlessCave
455 3707.86 2150.23 36.76 3.22 571 AzjolNerub
456 62.7842 35.462 -3.9835 1.41844 565 Gruul
457 3530.06 5104.08 3.50861 5.51117 530 GruulsLair
458 -13277.4 127.372 26.1418 1.11878 0 GurubashiArena
459 3373.87 4296.43 120.293 0.2091 530 GyroPlankBridge
460 -1241.9 4096.71 70.6772 3.55888 530 HaalEshiGorge
461 -1563.05 7945.67 -22.5568 1.13572 530 Halaa
462 -1349.94 7925.93 -98.2172 2.31159 530 HalaaniBasin
463 3280.67 -4322.2 132.301 3.1839 1 HaldarrEncampment
464 78.5083 -225.044 49.839 4.67589 229 HallOfBlackhand
465 -4675.79 -1256.32 501.993 1.974 0 HallOfExplorers
466 221.322 74.4933 25.7195 0.484836 450 HallOfLegends
467 1966.24 -4794.55 56.7642 6.241 1 HallOfTheBrave
468 17.3566 231.68 -31.392 0.39445 70 HallOfTheCrafters
469 -226.8 49.09 -46.03 1.39 70 HallOfTheKeepers
470 -941.007 -3526.66 70.935 3.48668 0 Hammerfall
471 -6427.04 -3381.19 229.711 4.254 0 HammertoesDigsite
472 7065.06 -7687.02 113.903 5.96904 530 HatchetHills
473 2793.09 -1621.4 129.333 1.98722 0 Hearthglen
474 -390.863 3130.64 4.51327 0.218692 530 HellfireCitadel
475 -211.237 4278.54 86.5678 4.59776 530 HellfirePeninsula
476 -360.671 3071.9 -15.0977 1.89389 530 HellfireRamparts
477 -5661.83 -1993.18 396.111 0.091415 0 HelmsBedLake
478 -9127.98 -1052.89 70.604 2.11379 0 HeroesVigil
479 3554.3 -6232.61 44.262 2.12438 1 HetaerasClutch
480 1001.29 7586.72 22.1567 1.60094 530 HewnBog
481 -807.114 -4111.26 55.5967 4.7919 1 HiddenPath
482 -4979.56 -969.821 -4.67023 1.93765 1 Highperch
483 -4610.67 1700.18 114.705 3.05218 1 HighWilderness
484 -510.344 9.53799 50.345 1.33728 0 HillsbradFields
485 -436.657 -581.254 53.5944 1.25917 0 HillsbradFoothills
486 -17.942 -2805.92 122.271 2.75175 0 HiriWatha
487 -6661.66 988.222 -14.6814 1.34146 1 HiveAshi
488 -7678.21 611.804 -52.124 2.91382 1 HiveRegal
489 -7152.81 1387.39 2.14026 2.78729 1 HiveZora
490 -748.211 2681.52 100.35 5.7479 530 HonorHold
491 -353.057 -1296.11 90.9438 4.37878 1 HonorsStand
492 7225.84 -6628.42 55.2716 2.89705 530 HowlingZiggurat
493 -1396.43 -115.322 158.935 2.92089 1 HunterRise
494 9706.81 -6712.6 0.548797 4.38141 530 HuntressOfTheSun
495 -8177.89 -4181.23 -167.552 0.913338 1 HyjalSummit
496 -5195.11 -3.63924 386.111 1.74231 0 IceflowLake
497 6153.06 -5050.74 787.233 5.86444 1 IceThistleHills
498 -3794.35 2556.02 91.0218 1.65971 530 IllidariPoint
499 4140.7 5429.55 274.427 2.81212 530 InsidionsPerch
500 555.59 2804.49 217.804 6.20094 530 InvasionPointAnnihilator
501 -2670.83 2691.26 102.277 4.91601 530 InvasionPointCataclysm
502 4775.3 3487.7 116.091 5.1893 530 InvasionPointOverlord
503 2758.5 -928.177 204.091 2.86339 1 IrisLake
504 -5854.97 -1996.35 401.478 3.88489 0 IronbandsCompound
505 -5650.98 -3826.83 321.919 4.87213 0 IronbandsExcavationSite
506 -2887.82 -2224.53 23.6055 0.386887 0 IronbeardsTomb
507 -4918.88 -940.406 501.564 5.42347 0 Ironforge
508 -5843.28 -3417.03 -50.9329 2.95077 1 IronstoneCamp
509 -6969.88 -2409.95 -216.546 5.0496 1 IronstonePlateau
510 6463.17 -1577.12 438.992 4.84426 1 IrontreeCavern
511 6223.18 -1151.23 382.803 3.19416 1 IrontreeWoods
512 -5403.55 3055.7 1.70606 1.67518 1 IsleOfDread
513 12947.4 -6893.31 5.68398 3.09154 530 IsleOfQuelDanas
514 8042.94 -7548.78 150.119 0.139542 530 IsleOfTribulations
515 -10661.8 -2527.18 26.8436 3.30055 0 IthariussCave
516 3822.04 -727.42 324.477 1.00681 1 JadefireGlen
517 6293.06 -609.351 468.671 2.9224 1 JadefireRun
518 -3057.92 1837.42 29.4535 0.06035 1 JademirLake
519 4785.13 -477.744 331.858 1.88488 1 Jaedenar
520 4983.03 -6041.19 95.5841 1.88091 1 JaggedReef
521 1793.51 6009.75 137.638 4.55488 530 JaggedRidge
522 1253.77 -4525.58 20.9508 2.77973 1 JaggedswineFarm
523 -14601.1 -234.16 24.7223 5.58923 0 JagueroIsle
524 -14180.5 729.773 21.633 4.17552 0 JaneirosPoint
525 -10004.7 1462.85 40.887 6.10526 0 JangolodeMine
526 -9208.19 -618.418 60.4529 0.385121 0 JasperlodeMine
527 -233.765 -4121.89 117.635 3.39306 0 JinthaAlor
528 -9971.72 -115.655 26.3099 5.38026 0 JoredsLanding
529 -12135 17.9116 -4.73151 4.10564 0 KalaiRuins
530 -11091.2 -1992.38 49.816 0.95178 532 Kara
531 -11118.9 -2010.33 47.0819 0.649895 0 Karazhan
532 -6692.48 -2175.31 244.145 0.427571 0 Kargath
533 2440.86 -3506.6 99.3423 4.69889 1 KargathiaKeep
534 -2676.89 -12141.3 17.2281 5.52763 530 KesselsCrossing
535 -5597.31 -483.398 396.981 3.17566 0 Kharanos
536 -2850.34 6405.81 77.0322 3.64548 530 KilsorrowFortress
537 2280.68 2273.98 94.6903 4.34107 530 KirinVarVillage
538 -1273.07 1970.71 50.7823 3.981 1 KodoGraveyard
539 -3030.09 -704.29 44.1878 5.32579 1 KodoRock
540 -946.186 -4492.28 28.8956 0.54997 1 KolgarCrag
541 -990.368 935.934 91.9163 3.14846 1 KolgarVillage
542 -713.262 1455.17 90.526 3.72573 1 KormeksHut
543 -11605.1 -645.993 29.5029 5.88457 0 KurzensCompound
544 9356.42 1191.51 1252.81 6.20615 1 LakeAlAmeth
545 8453.08 -7748.48 144.45 2.73684 530 LakeElrendar
546 7794.49 -2635.94 460.244 3.286 1 LakeEluneAra
547 -3161.76 3814.37 58.1972 4.55865 530 LakeEreNoru
548 -9355.14 -2280.93 71.6411 0.104803 0 LakeEverstill
549 3044.74 526.567 4.85566 3.02598 1 LakeFalathim
550 -2471.75 4657.29 159.739 4.97727 530 LakeJorune
551 6517.05 -4006.25 658.802 4.53634 1 LakeKelTheril
552 2680.46 -5363.06 84.0912 2.11964 1 LakeMennar
553 1716.21 -4585.15 76.217 4.78011 0 LakeMereldar
554 -11825.1 -421.353 12.0978 2.58982 0 LakeNazferiti
555 -9656.42 -2519.56 56.8919 0.022329 0 LakeridgeHighway
556 -9266.59 -2188.77 64.0892 2.10205 0 Lakeshire
557 -1708.2 8418.44 -21.4027 3.67976 530 LakeSunspring
558 -6347.89 -1218.88 -270.355 2.6083 1 Lakkari TarPits
559 -6430.22 -1052.96 -272.085 5.61795 1 LakkariTarPits
560 -10219.4 -3922.28 0.821068 5.62501 1 LandsEndBeach
561 -4171.38 145.112 57.0216 5.74763 1 LarissPavilion
562 -832.056 7741.02 34.3061 4.44079 530 LaughingSkullRuins
563 78.2437 -239.341 55.3424 4.77799 229 LBRS
564 4525.1 -6359.32 126.976 4.83794 1 LegashEncampment
565 -3291.28 2888 131.919 2.25661 530 LegionHold
566 -6742.69 -4092.03 264.17 6.25284 0 LethlorRavine
567 2279.65 -5310.01 87.0759 5.07618 0 LightsHopeChapel
568 -5202.94 -2855.18 336.822 0.37651 0 LochModan
569 -10091.5 1955.59 7.16286 0.077321 0 Longshore
570 1214.77 731.732 32.9321 2.30374 0 LordamareLake
571 -62.356 189.834 53.4352 2.43918 0 LordamereInternmentCamp
572 -3920.81 -2842.47 45.0363 4.48854 1 LostPoint
573 -8021.77 -5292.28 1.33809 4.35817 1 LostRiggerCove
574 -7512.38 -1043.39 181.55 0.909809 0 LothosRiftwaker
575 -2055.96 5305.2 -37.9105 4.02848 530 LowerCity
576 -3904.46 3147.39 327.077 4.42121 530 LowerVeilShilAk
577 -4847.14 434.406 16.2021 2.33115 1 LowerWilds
578 -960.748 -2043.74 81.2893 5.9535 1 LushwaterOasis
579 3194.97 163.192 5.48506 3.36212 1 MaestrasPost
580 -8976.21 876.055 106.542 3.3507 0 MageQuarter
581 395.308 3715.99 179.279 0.814673 530 MagHarGrounds
582 -1283.99 8498.33 16.4938 1.76808 530 MagHariProcession
583 512.08 3879.32 191.494 0.027839 530 MagharPost
584 1736.52 96.2668 -62.2857 5.5036 0 MagicQuarter
585 12884.6 -7317.69 65.5023 4.799 530 MagistersTerrace
586 -3440.16 2547.11 58.5443 0.37951 530 MagmaFields
587 -1733.94 897.726 90.7702 2.15654 1 MagramVillage
588 190.035 3.38458 67.9651 3.15819 544 magtheridon
589 -312.7 3087.26 -116.52 5.19026 530 MagtheridonsLair
590 -198.834 -336.707 11.0481 5.48042 1 MalakaJin
591 1404.44 1071.55 52.4562 1.01804 0 MaldensOrchard
592 3902.61 4036.58 188.558 0.149414 530 ManaforgeAra
593 3007.58 4216.86 160.794 2.8844 530 ManaforgeBnaar
594 2463.21 2862.53 132.065 3.9824 530 ManaforgeCoruu
595 3079.11 2211.89 160.351 3.59991 530 ManaforgeDuro
596 3850.68 2061.16 254.219 5.65108 530 ManaforgeUltris
597 -3104.18 4945.52 -101.507 6.22344 530 ManaTombs
598 -2041.95 1915.12 70.474 0.545691 1 MannorocCoven
599 -10342.5 -1250.62 35.3013 3.56761 0 ManorMistmantle
600 -228.302 236.591 -50.6459 1.64438 70 MapChamber
601 1019.69 -458.31 -43.43 0.31 349 Maraorange
602 751.254 -606.421 -33.2458 0.089788 349 Marapurple
603 -1419.13 2908.14 137.464 1.57366 1 Maraudon
604 -1464.14 2615.21 76.7172 3.21357 1 MaraudonOrange
605 -1188.37 2879.61 85.7888 5.07366 1 MaraudonPurple
606 2927.64 -1420.34 150.782 1.13192 0 MardenholdeKeep
607 -6152.25 -1087.6 -201.435 0.707637 1 MarshalsRefuge
608 583.302 8485.48 21.6066 4.03254 530 MarshlightLake
609 3452.17 -4992.52 196.839 5.44846 0 MazraAlor
610 6163.22 -4432.47 660.866 1.60523 1 Mazthoril
611 1082.04 -474.596 -107.762 5.02623 409 MC
612 -28.906 0.680314 -1.81282 6.26827 554 Mech
613 -3236.59 -12713.5 27.0563 3.45338 530 MenagerieWreckage
614 -3977.14 -898.953 8.83729 0.524569 0 MenethilBay
615 -3769.32 -744.26 8.01027 1.95752 0 MenethilHarbor
616 15.2235 -0.221107 -2.79687 0.007752 585 Mgt
617 -2390.97 -11785.5 16.2604 2.27998 530 Middenvale
618 3371.2 2883.39 143.893 1.73852 530 MidrealmPost
619 -6967.2 -2857.38 241.814 2.5709 0 MirageFlats
620 -6221.35 -3927.64 -58.7495 0.757735 1 MirageRaceway
621 1587.03 874.207 183.222 3.18787 1 MirkfallonLake
622 -9360.13 441.323 49.1944 2.7374 0 MirrorLake
623 -9497.38 476.237 51.0552 6.1853 0 MirrorLakeOrchard
624 6960.9 278.856 2.62734 3.54128 1 MistsEdge
625 -13968.3 121.306 14.8902 5.42744 0 MistvaleValley
626 -5355.18 -1046.42 394.441 0.123457 0 MistyPineRefuge
627 -10855.8 -4114.24 22.2215 1.37632 0 MistyReedPost
628 -9813.85 -4115.01 4.58721 5.54286 0 MistyReedStrand
629 590.273 132.249 42.0482 0.487462 0 MistyShore
630 -10170.6 -2528.78 27.3798 1.09358 0 MistyValley
631 -12424.8 -148.732 15.055 3.21029 0 MizjahRuins
632 -4915.65 -3958.31 298.303 0.553624 0 MogroshStronghold
633 2210.93 4763.72 157.42 4.60576 530 MokNathalVillage
634 1126.64 -459.94 -102.535 3.46095 230 MoltenCore
635 -10986.7 1542.75 44.7858 2.62438 0 Moonbrook
636 7654.3 -2232.87 462.107 5.96786 1 Moonglade
637 7486.41 -2124.22 490.738 3.11294 1 MoongladeHordeFlypoint
638 -3623.63 -12755.4 5.5687 0.798743 530 MoongrazeWoods
639 -5074.81 -11092.5 26.8435 1.10189 530 MoonwingDen
640 -8372.77 -2754.46 186.622 3.43486 0 MorgansVigil
641 3790.49 -1681.81 251.595 3.87194 1 MorlosAran
642 1035.62 -2106 122.946 1.60767 1 MorshanBaseCamp
643 -12345.2 -966.453 12.2932 4.29021 0 MoshoggOgreMound
644 -3750.76 -2902.37 12.3196 4.19214 0 MosshideFen
645 -11.1808 0.991746 -0.9543 3.13767 557 MT
646 -4573.79 -3173.15 34.0877 3.1231 1 Mudsprocket
647 9755.35 -7304.14 24.4126 0.426204 530 MuerderRow
648 -2192.62 -736.317 -13.3274 0.487569 1 Mulgore
649 9755.35 -7304.14 24.4126 0.426204 530 MurderEow
650 1902.31 -1363.98 99.987 0.929737 1 MystralLake
651 -2593.97 -11700.4 11.4544 1.18828 530 Mystwood
652 -1145.95 8182.35 3.60249 6.13478 530 Nagrand
653 -4141.59 -4054.2 2.2126 5.28022 1 NatsLanding
654 3021.64 -3402.99 298.22 2.97352 533 Nax
655 3668.72 -1262.46 243.622 4.785 571 Naxxramas
656 -2474.89 -11380.1 37.3419 1.59514 530 Nazzivian
657 -13835.5 420.427 90.6791 5.33319 0 NekManiWellspring
658 -1446.49 6346.65 37.5461 2.77876 530 NesingwarySafari
659 -11609.3 -52.9532 10.9376 3.48911 0 NesingwarysExpedition
660 -4452 -13871.9 101.029 3.69763 530 NestlewoodHills
661 -4395.01 -13772.3 52.3834 5.03674 530 NestlewoodThicket
662 -907.58 -979.134 30.3489 2.36926 0 NethanderStead
663 -10999.8 -3380.08 62.2525 4.63501 0 NethergardeKeep
664 4836.34 2892.29 144.631 3.419 530 Netherstone
665 3830.23 3426.5 88.6145 5.16677 530 Netherstorm
666 -3814.67 4264.16 5.66786 3.73006 530 NetherwebRidge
667 -4122.58 800.66 6.54928 1.1217 530 NetherwingFields
668 -5098.7 505.358 84.97 3.41328 530 NetherwingLedge
669 -5145.07 711.023 43.4061 5.2221 530 NetherwingMines
670 -4331.55 819.57 15.3479 5.87712 530 NetherwingPass
671 7966.85 -2491.04 487.734 3.20562 1 Nighthaven
672 2076.72 1158.54 39.13 3.26114 0 NightmareVale
673 2529.43 -2143.92 197.679 3.09116 1 NightRun
674 3396.9 -1526.19 165.357 3.32216 1 NightsongWoods
675 2048.96 1813.93 105.345 1.84271 0 NightWebsHollow
676 176.426 1309.76 190.18 0.556817 1 NijelsPoint
677 -7017.57 -4339.67 11.159 6.02322 1 NoonshadeRuins
678 3029.82 -4901.18 100.63 4.63322 0 Northdale
679 -815.306 -2033.47 34.2293 3.32686 0 NorthfoldManor
680 -5191.62 -2297.24 400.342 3.9438 0 NorthGateOutpost
681 -4802.07 -2532.42 353.848 1.92022 0 NorthGatePass
682 3162.59 -4323.12 132.34 4.87705 0 NorthpassTower
683 -2861.79 -3423.24 39.0049 3.29711 1 NorthPointTower
684 2365.94 -1511 101.787 0.282905 0 NorthridgeLumberCamp
685 9287.65 -6701.97 22.026 1.3137 530 NorthSanctum
686 -8921.09 -119.135 82.195 5.82878 0 NorthshireValley
687 -9076.49 -344.655 73.4527 0.882288 0 NorthshireVineyards
688 851.635 1581.33 32.3011 0.628498 0 NorthTidesHollow
689 878.157 1883.93 1.85641 2.38779 0 NorthTidesRun
690 -1998.12 -3680.54 21.1346 2.45298 1 NorthwatchHold
691 -1155.9 8035.88 -86.9813 3.21951 530 NorthwindCleft
692 2444.66 6990.76 367.981 2.20806 530 ObsidiasPerch
693 -4677.05 -12439.1 16.2655 2.09541 530 OdesyusLanding
694 2297.68 7293.12 365.617 1.28888 530 Ogrila
695 -8404.3 -4070.62 -208.586 0.237038 1 OldHillsbradFoothills
696 -8722.38 412.837 98.9042 5.44545 0 OldTown
697 141.756 1465.7 114.441 1.55058 0 OlsensFarthing
698 -3220.5 1892.94 49.3026 0.094122 1 Oneiros
699 29.1607 -71.3372 -8.18032 4.43584 249 onyxia
700 -4708.27 -3727.64 54.5589 3.72786 1 OnyxiasLair
701 -7663.74 -1217.4 287.789 5.33945 0 OrbOfCommand
702 958.66 7374.02 27.9079 6.12064 530 OreborHarborage
703 1629.36 -4373.39 31.2564 3.54839 1 Orgrimmar
704 -2790.42 1265.35 74.8801 3.51465 530 OronoksFarm
705 -7583.14 223.826 12.1392 5.11522 1 OrtellsHideout
706 -2417.03 8314.75 -37.5225 3.13613 530 Oshugun
707 5503.37 -4948.18 850.096 3.91821 1 OwlWingThicket
708 -2400.94 295.281 65.7074 1.27785 1 PalemaneRock
709 2308.92 -5075.61 69.9643 3.30119 0 PestilentScar 
710 350.535 -2519.39 194.666 0.207063 0 PlaguemistRavine
711 3065.36 -3704 120.931 1.21752 0 Plaguewood
712 3032.21 -3058.25 118.245 2.69521 0 PlaguewoodTower 
713 -4468.03 -11990.3 31.3148 0.665984 530 PodCluster
714 -4430.11 -12641.6 18.6332 3.64265 530 PodWreckage
715 -10615.7 -3842.2 19.601 0.237497 0 PoolOfTears
716 282.878 3479.82 63.4083 0.305086 530 PoolsOfAggonar
717 9543.02 1665.64 1298.2 5.67365 1 PoolsOfArlithrien
718 571.187 8674.03 21.2322 4.86742 530 PortalClearing
719 4270.15 2154.62 136.167 1.80184 530 ProtectorateWatchPost
720 -1242.7 462.432 6.25075 1.75667 0 PurgationIsle
721 -388.146 1543.67 18.1592 3.10171 0 PyrewoodVillage
722 -186.082 8076.92 19.0829 5.03314 530 QuaggRidge
723 226.318 -2777.59 123.356 0.59469 0 QuelDanilLodge
724 3385.31 -4220.6 155.092 3.57879 0 QuelLithienLodge
725 -1428.84 -11951.2 16.4308 6.12844 530 RagefeatherRidge
726 1811.78 -4410.5 -18.4704 5.20165 1 RagefireChasm
727 -3839.07 1760.37 142.462 4.58606 1 RageScarHold
728 -1346.58 1653.44 68.8313 0.486942 543 Ramp
729 170.849 2914.41 19.6981 0.530757 1 RanazjarIsle
730 -2023.09 -3220.48 90.5983 1.07774 1 RaptorGrounds
731 -3134.17 -3238.84 63.364 5.4904 0 RaptorRidge
732 -956.664 -3754.71 5.33239 0.996637 1 Ratchet
733 -1920.81 -732.852 2.29586 1.70032 1 RavagedCaravan
734 -6160.61 1746.37 24.2906 0.89614 1 RavagedTwilightCamp
735 -6191.56 1743.28 19.6888 0.630589 1 RavagedTwilightCapm
736 2580.25 -6830.65 117.466 5.1403 1 RavencrestMonument
737 -10742.2 330.574 38.2503 0.551712 0 RavenHill
738 -10526.7 295.889 31.0954 6.27724 0 RavenHillCemetery
739 -9.50862 -1569.46 194.606 5.78733 0 RavenholdtManor
740 3565.61 6890.04 141.477 4.50586 530 RavensWood
741 2667.31 -1855.58 188.309 5.72617 1 RaynewoodRetreat
742 2830.32 5252.84 264.143 5.26235 530 RazaansLanding
743 -4657.3 -2519.35 81.0529 4.54808 1 RazorfenDowns
744 -4470.28 -1677.77 81.3925 1.16302 1 RazorfenKraul
745 326.81 -4706.65 15.3665 4.16414 1 RazorHill
746 406.553 -4227.69 25.8136 6.14752 1 RazormaneGrounds
747 2432.62 5201.37 264.661 3.00927 530 RazorRidge
748 -1248.26 3837.32 264.797 3.21797 530 RazorthornRise
749 -1708.1 4028.77 60.0601 2.08778 530 RazorthornShelf
750 -1550.52 3547.46 32.4329 2.05248 530 RazorthornTrail
751 950.321 -4596.04 19.5531 3.94604 1 RazorwindCanyon
752 -32.7738 2123.59 110.62 0.264264 530 ReaversFall
753 -11322.4 -202.492 75.6362 0.432339 0 RebelCamp
754 -3162.62 -490.493 30.0476 1.64305 1 RedCloudMesa
755 -8955.78 -2303.5 132.459 0.783378 0 RedridgeCanyons
756 -9551.81 -2204.73 93.473 5.47141 0 RedridgeMountains
756 -9443.75 -2222.0833 69.40161 5.47141 0 RedridgeGrave
756 -9199.052 -2749.5957 88.85449 5.47141 0 RedridgeMill
757 -975.866 -1089.96 44.4156 5.60771 1 RedRocks
758 -2807.36 5077.65 -12.2418 3.23972 530 RefugeeCaravan
759 -1246.61 -2529.32 20.6098 0.741709 0 RefugePointe
760 4633.51 627.215 7.05298 5.68533 1 RemtravelsExcavation
761 -9654.98 -3097.37 49.9266 5.39445 0 RendersValley
762 -8977.54 -2013.25 136.611 1.06612 0 RethbanCaverns
763 -557.226 -4581.27 9.5884 1.01724 0 RevantuskVillage
764 3.81 -14.82 -17.84 4.23745 389 RFC
765 2592.55 1107.5 51.29 4.74 129 RFD
766 1943 1544.63 82 1.38 47 RFK
767 -9759.42 -1370.87 57.8966 4.14011 0 RidgepointTower
768 -3314.47 4942.72 -101.176 3.47559 530 RingOfObservance
769 -11240.9 -2842.69 157.925 1.47842 0 RiseOfTheDefiler
770 2081.75 7384.85 372.481 4.04039 530 RivendarksPerch
771 -5485.38 -1628.67 27.7119 2.85653 1 RoguefeatherDen
772 1458.68 106.137 -61.3152 3.93673 0 RoguesQuarter
773 1303.13 361.856 -67.2945 4.43312 0 RoyalQuarter
774 -13688.9 -309.139 6.95504 6.11545 0 RuinsOfAboraz
775 629.684 -348.068 151.105 2.85588 0 RuinsOfAlterac
776 1400.61 -1493.87 54.7844 4.08661 0 RuinsOfAndorhal
777 -3258.09 1165.62 60.1821 3.18338 530 RuinsOfBaaRi
778 4567.97 -492.526 300.884 5.2189 1 RuinsOfConstellas
779 4004.29 -5411.78 114.943 4.03446 1 RuinsOfEldarath
780 3443.76 3680.31 149.409 3.34755 530 RuinsOfEnkaat
781 4639.58 2593.03 210.931 2.71213 530 RuinsOfFarahlon
782 -5628.76 1443.64 54.1252 5.72722 1 RuinsOfIsildien
783 -13353.7 0.40638 21.6159 3.28725 0 RuinsOfJubuwal
784 -3732.7 456.872 104.143 4.0858 530 RuinsOfKarabor
785 1923.69 234.217 49.0664 3.16311 0 RuinsOfLordaeron
786 -1832.47 -12078.2 31.9203 5.82134 530 RuinsOfLorethAran
787 7344.01 -914.641 32.6207 2.18634 1 RuinsOfMathystra
788 -2877.75 2346 39.7117 0.306187 1 RuinsOfRavenwind
789 -588.564 4803.37 35.1991 2.89915 530 RuinsOfShaNaar
790 9738.47 -6678.72 0.626843 1.08358 530 RuinsOfSilvermoon
791 -4934.06 3590.1 10.8445 0.100452 1 RuinsOfSolarsal
792 -7842.54 -2159.07 133.439 6.05649 0 RuinsOfThaurissan
793 -11651.4 647.492 50.5754 1.50754 0 RuinsOfZulKunda
794 -12952.2 -800.204 63.3924 2.07461 0 RuinsOfZulMamwe
795 -12901.5 -653.396 51.3323 4.29414 0 RuinsOfZulManwe
796 8222.45 -6684.93 86.2016 1.2383 530 RunestoneFalithas
797 8270.72 -7208.74 141.199 5.58077 530 RunestoneShandor
798 8704.53 944.683 13.5177 2.99385 1 RutTheranVillage
799 2964.84 5663.43 146.879 5.89082 530 RuuanWeald
800 -10165.8 1099.65 36.7546 5.35127 0 SaldeansFarm
801 8664.16 -6357.99 55.1721 2.0504 530 SaltherilsHaven
802 -2723.47 -1626.34 12.0927 4.1374 0 SaltsprayGlen
803 7534.77 -6413.43 13.0591 2.45016 530 SanctumOfTheMoon
804 -4115.51 1120.54 44.5242 2.6318 530 SanctumOfTheStars
805 7169.99 -7082.62 56.1741 5.68364 530 SanctumOfTheSun
806 -7244.39 -2950.49 8.88702 5.65329 1 SandsorrowWatch
807 -4677.53 3178.37 4.88728 4.77121 1 SardorIsle
808 -52.4961 1009.64 93.8872 4.40432 1 Sargeron
809 -1886.8 2888.14 49.9161 1.48894 1 SarTherisStrand
810 2745.04 -2957.47 141.707 3.80433 1 Satyrnaar
811 3704.1 -6063.61 1.4207 4.81044 1 ScalebeardsCave
812 1994.43 5139.17 265.058 3.07523 530 ScalewingShelf
813 1654.25 -4791.25 83.2546 4.22248 0 ScarletBaseCamp
814 2872.6 -764.398 160.332 5.05735 0 ScarletMonastery
815 2837.12 -511.285 105.317 5.81304 0 ScarletWatchPost
816 1269.64 -2556.21 93.6088 0.620623 0 Scholomance
817 -0.310414 0.107129 -100.538 2.94612 13 ScottTest
818 -1414.71 1469.51 59.498 1.05066 1 ScrabblescrewsCamp
819 -2185.93 5538.97 64.0729 2.82446 530 ScryersTier
820 175.996 -5142.55 0.778698 4.49423 1 ScuttleCoast
821 -7012.47 -1065.13 241.786 5.63162 0 SearingGorge
822 -3955.23 -11727.3 -138.878 0.981744 530 SeatOfTheNaaru
823 -813.097 -4880.08 18.995 4.42647 1 SenjinVillage
824 -10624.5 1096.66 33.7641 1.31041 0 SentinelHill
825 -10511.6 1053.2 59.0454 5.07245 0 SentinelTower
826 -3461.11 -4125.85 17.099 2.25408 1 SentryPoint
827 799.721 -3995.68 122.007 3.77399 0 Seradane
828 -11311.5 -3407.92 7.4681 5.30724 0 SerpentsCoil
829 820.025 6864.93 -66.7556 6.28127 530 SerpentshrineCavern
830 -4.6811 -0.09308 0.0062 0.035342 556 Sethekk
831 -3362.2 4664.12 -101.049 4.6605 530 SethekkHalls
832 1609.4 728.543 68.0957 4.05141 0 Sewers
833 -229.135 2109.18 76.8898 1.267 33 SFK
834 -40.8716 -19.7538 -13.8065 1.11133 540 SH
835 -1866.38 655.098 107.241 3.87731 1 ShadowbreakRavine
836 -234.675 1561.63 76.8921 1.24031 0 ShadowFangKeep
837 10334 833.902 1326.11 3.62142 1 Shadowglen
838 1664.29 1679.34 120.53 3.2093 0 ShadowGrave
839 4895.81 -392.013 351.471 5.9611 1 ShadowHold
840 -3627.9 4941.98 -101.049 3.16039 530 ShadowLabyrinth
841 -2998.66 2568.9 76.6306 0.551303 530 ShadowmoonVillage
842 -1664.79 3091.67 30.5552 6.07818 1 ShadowpreyVillage
843 2890.66 -4019.71 138.135 3.34097 1 ShadowsongShrine
844 10746.2 926.841 1336.47 6.24541 1 ShadowthreadCave
845 -2896.28 5394.74 -8.88803 1.60241 530 ShadowTomb
846 -324.286 -2900.4 77.795 2.67714 0 ShadraAlor
847 -3707.79 -2530.37 68.2635 3.31945 1 ShadyRestInn
848 7702.12 -5708.67 3.11034 3.51184 530 ShalandisIsle
849 -5486.8 3630.93 2.10077 3.84603 1 ShalzarusLair
850 -385.521 4797.07 19.9065 3.15127 530 ShaNaariWastes
851 98.8545 -4379.69 121.322 0.049959 0 ShaolWatha
852 2693.44 7110.67 365.1 0.37965 530 ShartuulsTransporter
853 -3747.08 5393.6 -3.99659 1.34873 530 ShaTariBaseCamp
854 -2607.52 1401.71 79.9574 5.04617 530 ShatteredPlains
855 12947.4 -6893.31 5.68398 3.09154 530 ShatteredSunStaging
856 286.357 1469.6 -11.4535 2.41453 530 ShatterPoint
857 5654.65 -883.661 377.91 2.25167 1 ShatterScarVale
858 7367.77 -1560.74 163.446 2.55011 1 ShatterspearVillage
859 -1838.16 5301.79 -12.428 5.9517 530 Shattrath
860 -5316.24 -215.783 440.907 3.74507 0 ShimmerRidge
861 227.928 -2604.95 159.771 3.53715 0 ShindiggersCamp
862 -14140.4 458.677 3.71587 0.997797 0 ShouthernSavageCoast
863 10400.1 -5956.19 40.7994 0.977561 530 ShrineOfDathremar
864 7841.73 -2209.34 471.118 5.23693 1 ShrineOfRemulos
865 4844.91 -602.987 308.754 2.21868 1 ShrineOfTheDeceiver
866 -240.214 -4013.38 187.304 2.54097 1 ShrineOfTheDormantFlame
867 -7426.87 1005.31 1.13359 2.96086 1 Silithus
868 -3126.44 -11957.6 4.28641 1.8119 530 SiltingShore
869 9487.69 -7279.2 14.2866 6.16478 530 SilvermoonCity
870 -5094.34 -11129.6 25.058 2.78659 530 SilvermystIsle
871 878.74 1359.33 50.355 5.89929 0 SilverpineForest
872 -4813.81 -2970.08 320.757 3.14151 0 SilverStreamMine
873 2137.3 -1189.05 98.308 3.23488 1 SilverwindRefuge
874 1486.44 -1866 113.941 2.75186 1 SilverwingGrove
875 1810.07 -2001.61 103.117 3.68491 1 SilverwingOutpost
876 1617.43 5337.21 265.469 1.44789 530 SingingRidge
877 428.398 467.608 97.4092 1.555 1 SishirCanyon
878 3604.04 4963.59 267.724 0.788938 530 Skald
879 -4089.38 1787.12 100.382 5.96761 530 SkethLonBaseCamp
880 -3055.5 2210.29 66.5523 5.54036 530 SkethLonWreckage
881 -3674.85 3912.42 298.476 5.27651 530 SkethylMountains
882 -3770.72 3684.42 277.236 4.34424 530 Skettis
883 9519.69 -6531.37 21.9874 3.06352 530 SkulkingRow
884 369.856 -3802.84 170.093 3.58942 0 SkulkRock
885 1446.31 -4879.79 11.3317 0.477731 1 SkullRock
886 2509.9 7322.28 374.229 1.60016 530 SkyguardOutpost
887 -5.10147 0.126865 -1.12788 3.08034 555 SL
888 -3345.84 2112.94 102.374 4.71491 530 SlagWatch
889 846.782 -566.79 142.518 0.268342 0 SlaughterHollow
890 -10639.3 -2092.15 101.664 2.48375 0 SleepingGorge
891 -7660.35 -3011.37 132.992 5.02368 0 SlitherRock
892 1610.83 -323.433 18.6738 6.28022 189 SMArmory
893 855.683 1321.5 18.6709 0.001747 189 SMCath
894 1702.01 1053.5 18.4922 1.46594 189 SMGY
895 255.346 -209.09 18.6773 6.26656 189 SMLib
896 4810.01 3843.66 223.376 6.06345 530 SocretharsSeat
897 2312.13 1405.46 33.3337 1.15155 0 SollidenFarmstead
898 1257.8 -1705.34 60.6843 3.72296 0 SorrowHill
899 -10498.9 -4189.17 23.3262 4.97345 0 Sorrowmurk
900 -4357.47 4612.63 -39.8305 1.7972 530 SorrowWingPoint
901 3549.42 5593.04 -3.47566 3.88262 530 SoulgrindersBarrow
902 -8665.15 -4725.35 0.656339 4.02044 1 SouthbreakShore
903 -2333.57 -2295.55 92.6909 4.76754 1 SouthernBarrens
904 -1696.57 -2553.96 91.2953 3.2423 1 SouthernGoldRoad
905 -823.97 3345 97.486 5.93392 530 SouthernRampart
906 -13668.6 471.263 37.4754 1.95598 0 SouthernSavageCoast
907 2815.68 -3790.07 88.207 2.8713 1 SouthfuryRiver
908 -5438.02 -2441.87 400.492 2.49866 0 SouthGateOutpost
909 -5645.3 -2540 373.388 0.840292 0 SouthGatePass
910 -9317.12 -3016.24 9.98814 0.142927 1 SouthmoonRuins
911 -694.861 406.638 74.9142 6.13966 0 SouthpointTower
912 3166.38 -5784.64 6.85091 5.34844 1 SouthridgeBeach
913 -853.221 -533.529 9.98556 0.242866 0 Southshore
914 -2033.15 7551.71 -92.349 4.13842 530 SouthwindCleft
915 -7108.06 320.415 18.0411 2.87455 1 SouthwindVillage
916 130.446 -127.482 -1.59053 1.86731 547 SP
917 -1326.36 2371.99 88.9503 6.19165 530 SpinebreakerPost
918 -13772.4 -3.7118 41.9401 5.65521 0 SpiritDen
919 -2423.72 8040.33 -43.698 1.98013 530 SpiritFields
920 -1013.67 224.643 134.661 1.12784 1 SpiritRise
921 -866.113 -4284.06 76.167 3.62166 1 SpiritRock
922 -10385.2 -2600.12 21.7007 4.60431 0 SplinterspearJunction
923 2270.94 -2538.19 93.9198 0.060429 1 SplintertreePost
924 -4998.14 -2219.52 -53.2078 2.3798 1 SplithoofCrag
925 -5037.83 -2381.29 -54.2846 5.10748 1 SplithoofHold
926 209.095 8547.4 23.1083 5.33054 530 Sporeggar
927 9.83957 2.74496 822.096 0.106614 548 SSC
928 -319.24 99.9 -131.85 3.19 109 ST
929 -10786.7 -3743.04 24.4991 3.0021 0 StagalbogCave
930 -6446.24 211.361 4.05948 4.18068 1 StaghelmPoint
931 9838.87 385.538 1307.78 0.769623 1 StarbreezeVillage
932 7165.69 -4054.54 724.251 1.31543 1 StarfallVillage
933 -6908.08 -4801.39 8.15214 5.07916 1 SteamwheedlePort
934 -5476.73 -666.917 392.674 3.48888 0 SteelgrillsDepot
935 -10798.9 1381.56 31.0576 0.622382 0 StendelsPond
936 -3378.24 -12347.1 22.5696 0.068326 530 StillpineHold
937 2296.74 825.657 33.764 4.40704 0 StillwaterPond
938 9266.84 -7240.15 16.4273 2.81695 530 StillwhisperPond
939 -10446.9 -3261.91 20.1795 5.02142 0 Stonard
940 -2640.08 4404.38 35.1 4.14529 530 StonebreakerHold
941 -1951.33 -537.594 -13.1229 3.48631 1 StonebullLake
942 -8982.69 -1206.38 72.206 3.0602 0 StoneCairnLake
943 -4339.1 -3318.75 34.2536 2.30041 1 StonemaulRuins
944 -5882.25 -2921.18 366.988 2.04588 0 StonesplinterValley
945 1570.92 1031.52 137.959 3.33006 1 StonetalonMountains
946 2678.38 1497.46 233.869 6.26038 1 StonetalonPeak
947 346.86 3069.39 23.6589 3.0193 530 StonewallCanyon
948 -9323.5 -3030.84 132.559 2.94713 0 Stonewatch
949 -9569.7 -3272.71 48.6139 0.622368 0 StonewatchFalls
950 -9386.59 -3039.03 139.437 4.8054 0 StonewatchKeep
951 -9298.19 -2972.84 124.909 1.3418 0 StonewatchTower
952 -4750.07 -3328.02 310.257 4.61609 0 StonewroughtDam
953 7612.5 -2906.39 463.678 3.8829 1 StormrageBarrowDens
954 -8833.38 628.628 94.0066 1.06535 0 Stormwind
955 659.762 -959.316 164.404 0.433716 0 Strahnbrad
956 -12644.3 -377.411 10.1021 6.09978 0 StranglethornVale
957 3387.95 -3380.34 142.76 0.005913 329 Strat
958 3352.92 -3379.03 144.782 6.25978 0 Stratholme
959 -1551.2 -1808.1 67.5219 3.119 0 StromgardeKeep
960 7960.27 -7257.01 136.908 0.234555 530 SuncrownVillage
961 7154.17 -7070.49 54.9794 5.56207 530 SunctumOfTheSun
962 -2873.95 -1496.04 9.47361 1.04607 0 SundownMarsh
963 2498.92 2368.74 134.379 4.71414 530 SunfuryHold
964 9982.85 -7062.83 45.3625 0.873881 530 SunfurySpire
965 7631.29 -7338.48 272.726 3.43678 530 SungrazePeak
966 966.147 926.499 104.649 1.27231 1 SunRockRetreat
967 8715.52 -6101.45 20.1472 0.173306 530 SunsailAnchorage
968 -1520.44 8552.38 7.26028 1.69728 530 SunspringPost
969 10331.1 -6235.42 26.7759 1.94594 530 SunstriderIsle
970 12574.1 -6774.81 15.0904 3.13788 530 SunwellPlateau
971 1.60675 8.07684 -4.12796 4.467 545 SV
972 -2959.77 -3881.9 32.9334 5.43104 1 SwamplightManor
973 -10345.4 -2773.42 21.99 5.08426 0 SwampOfSorrows
974 104.534 5199.31 21.1033 4.22156 530 SwampratPost
975 1784.23 924.563 15.581 3.5177 580 SWP
976 2018.91 6854.47 171.409 0.087216 530 Sylvanaar
977 -6547.88 -3855.96 -58.7492 5.31404 1 TahondaRuins
978 6209.51 -1927.01 569.393 3.82137 1 TalonbranchGlade
979 -1213.24 -12436.8 94.9062 4.32594 530 TalonStand
980 2735.06 -3867.44 98.6548 3.56139 1 TalrendisPoint
981 -7931.2 -3414.28 80.7365 0.66522 1 Tanaris
982 -7214.21 -1732.2 244.448 3.61783 0 TannerCamp
983 -34.1467 -923.366 54.5576 0.15019 0 TarrenMill
984 -2560.76 7300.72 13.9485 2.18422 530 Telaar
985 -1953.56 7012.48 -88.5123 4.2248 530 TelaariBasin
986 -1664.4 -10916.8 58.8456 5.88417 530 TelathionsCamp
987 10111.3 1557.73 1324.33 4.04239 1 Teldrassil
988 278.582 6001.27 144.73 1.53156 530 Telredor
989 3099.36 1518.73 190.3 4.72592 530 TempestKeep
990 3967.58 -7219.97 17.0967 2.6396 1 TempleOfArkkoran
991 -10450.3 -3825.44 18.0679 6.03616 0 TempleOfAtalHakkar
992 78.9769 4333.58 101.553 0.011347 530 TempleOfTelhamat
993 9671.4 2524.02 1333.11 3.23265 1 TempleOfTheMoon
994 3547.67 -5279.93 107.188 4.80808 1 TempleOfZinMalor
995 -2000.47 4451.54 8.37917 4.40447 530 TerokkarForest
996 -3781.87 3531.08 285.715 4.45498 530 TerokksRest
997 -1874.51 5429.28 -10.4637 0.084994 530 TerraceOfLight
998 2844.08 -691.716 139.331 5.27247 0 TerraceOfRepose
999 2957.87 -2794.79 110.464 1.19003 0 Terrordale
1000 -8243.79 -1081.22 -201.915 2.1135 1 TerrorRun